136.36	
138.281	
139.92	
139.384	
139.58	
140.524	
140.482	
138.956	
138.932	
138.93	
139.152	
138.77	
140.468	
139.911	
139.321	
140.016	
138.383	
138.728	
138.459	
138.29	
137.549	
136.254	
136.039	
136.42	
136.48	
135.449	
134.863	
133.826	
134.555	
136.97	
135.741	
135.723	
135.486	
135.125	
134.33	
134.664	
135.456	
135.537	
136.102	
135.84	
136.642	
136.752	
136.12	
135.688	
136.1	
135.712	
135.262	
136.019	
136.266	
136.22	
137.285	
138.071	
138.59	
138.797	
138.05	
137.811	
137.176	
137.761	
138.684	
138.98	
137.873	
136.927	
136.069	
136.139	
136.071	
136.017	
135.247	
135.21	
133.542	
132.66	
133.336	
134.586	
134.881	
136.149	
136.691	
136.119	
135.763	
136.059	
136.864	
135.54	
134.801	
133.482	
134.475	
134.389	
134.99	
134.553	
134.933	
133.865	
134.109	
134.382	
134.862	
135.463	
134.767	
135.297	
136.532	
136.27	
136.283	
136.286	
135.537	
135.377	
136.031	
135.99	
133.903	
133.799	
133.765	
132.891	
132.017	
133.016	
132.72	
133.033	
132.766	
131.969	
132.451	
132.183	
132.427	
132.215	
132.13	
132.504	
132.034	
131.761	
131.398	
131.793	
131.772	
130.743	
130.783	
130.403	
130.327	
130.023	
129.999	
130.22	
130.604	
130.785	
133.859	
133.894	
133.561	
133.879	
134.109	
133.23	
132.798	
133.121	
133.052	
133.118	
132.796	
131.598	
132.247	
132.476	
131.909	
131.796	
132.106	
131.685	
131.691	
130.61	
130.271	
129.198	
128.129	
127.844	
128.406	
128.043	
127.761	
127.758	
128.069	
128.355	
127.667	
127.916	
128.281	
127.372	
128.004	
128.212	
128.275	
128.578	
129.155	
130.076	
131.163	
131.659	
130.88	
130.766	
130.882	
130.231	
129.449	
130.105	
127.695	
127.309	
127.392	
127.724	
127.139	
127.063	
125.894	
125.256	
124.55	
123.302	
123.352	
124.725	
124.573	
122.362	
124.002	
123.304	
124.432	
125.135	
124.999	
123.931	
124.379	
126.062	
126.867	
126.356	
125.597	
126.493	
125.964	
125.692	
125.973	
125.876	
125.676	
125.907	
126.227	
127.032	
127.281	
127.322	
128.049	
127.023	
126.607	
125.647	
125.073	
123.324	
123.108	
123.215	
123.726	
123.413	
123.13	
122.669	
123.336	
124.071	
124.126	
123.611	
125.413	
125.243	
125.63	
126.362	
122.705	
121.803	
122.618	
122.695	
122.905	
122.388	
122.116	
123.318	
124.223	
123.851	
124.123	
122.803	
123.433	
123.223	
123.53	
123.093	
123.548	
122.663	
122.651	
122.831	
122.748	
122.485	
123.541	
123.137	
122.463	
121.339	
121.071	
122.056	
121.796	
121.731	
121.194	
120.321	
119.955	
118.951	
119.21	
118.044	
117.386	
117.549	
117.879	
118.675	
118.592	
113.282	
112.09	
113.744	
114.299	
114.439	
114.073	
114.218	
111.894	
112.119	
111.56	
111.004	
113.326	
115.933	
115.43	
116.793	
115.633	
117.476	
116.984	
118.109	
116.653	
116.393	
116.033	
115.318	
116.064	
116.122	
113.994	
114.264	
113.392	
113.015	
112.691	
112.868	
113.346	
113.233	
113.155	
113.381	
112.995	
113.166	
112.941	
112.705	
113.615	
113.411	
113.448	
113.431	
113.241	
113.522	
113.947	
113.948	
114.744	
115.246	
115.661	
115.799	
115.44	
114.245	
114.449	
115.224	
115.295	
114.349	
114.946	
115.344	
114.659	
114.103	
113.836	
113.195	
112.246	
113.02	
113.27	
112.919	
112.737	
113.374	
114.126	
113.864	
114.133	
115.36	
115.949	
115.577	
115.219	
115.541	
114.255	
114.923	
114.566	
114.199	
114.392	
113.976	
113.433	
113.763	
112.827	
113.408	
113.393	
114.094	
114.646	
114.954	
114.958	
115.025	
114.689	
114.396	
114.817	
115.432	
115.729	
115.599	
116.435	
115.646	
116.287	
116.972	
116.46	
117.137	
117.3	
117.732	
117.974	
118.838	
119.634	
119.713	
118.875	
119.67	
119.815	
121.399	
120.919	
122.462	
122.217	
122.306	
121.153	
121.709	
122.367	
122.414	
123.243	
123.176	
123.153	
121.759	
122.458	
122.636	
122.681	
122.587	
122.483	
122.905	
121.972	
123.108	
122.823	
122.887	
122.326	
123.009	
122.276	
123.124	
122.831	
122.272	
121.878	
121.777	
121.748	
121.028	
120.773	
122.044	
122.347	
122.529	
121.177	
122.252	
121.809	
122.232	
123.044	
121.771	
121.781	
122.039	
121.401	
121.532	
120.144	
119.964	
119.651	
120.918	
120.267	
120.533	
120.932	
121.007	
120.941	
119.661	
120.189	
119.849	
119.62	
119.322	
118.335	
119.329	
119.281	
119.937	
120.112	
121.089	
120.493	
120.39	
120.546	
121.814	
122.71	
122.408	
121.697	
121.775	
122.069	
120.892	
120.8	
120.778	
120.198	
119.666	
119.988	
120.185	
120.355	
119.549	
119.42	
118.63	
118.092	
118.41	
117.827	
117.993	
117.818	
117.332	
116.3	
116.131	
115.769	
115.256	
115.548	
116.46	
116.605	
117.171	
116.89	
119.061	
120.176	
121.297	
120.764	
121.523	
121.986	
122.485	
122.854	
123.564	
123.888	
123.766	
123.851	
124.183	
123.655	
123.814	
124.779	
125.027	
123.998	
123.771	
124.428	
124.602	
125.185	
125.226	
125.272	
124.376	
123.888	
124.38	
124.53	
124.945	
124.43	
124.365	
123.423	
123.709	
123.261	
123.674	
123.055	
123.432	
122.7	
123.744	
124.101	
124.492	
123.952	
124.32	
124.068	
124.47	
125.101	
127.177	
127.77	
128.076	
128.358	
128.945	
128.261	
128.442	
129.207	
129.807	
129.984	
130.536	
129.395	
129.396	
129.038	
129.169	
129.306	
128.946	
130.082	
129.595	
129.462	
130.441	
130.327	
129.832	
129.97	
130.443	
130.447	
131.249	
130.623	
130.254	
130.707	
129.495	
129.443	
128.373	
129.014	
129.154	
129.866	
129.651	
128.243	
128.353	
128.727	
129.061	
128.714	
129.198	
130.317	
130.115	
131.393	
131.375	
131.155	
130.696	
130.588	
129.916	
130.27	
130.203	
129.75	
130.843	
132.006	
131.385	
131.078	
132.378	
133.366	
133.821	
133.641	
134.345	
133.781	
132.519	
132.444	
132.635	
132.528	
132.836	
132.364	
132.584	
132.665	
132.085	
132.099	
132.276	
132.797	
133.382	
132.829	
132.206	
132.311	
132.085	
133.315	
133.504	
133.702	
133.255	
134.033	
134.262	
132.798	
131.895	
131.645	
132.448	
132.741	
132.935	
132.401	
132.122	
131.975	
132.08	
131.977	
132.366	
132.535	
133.711	
132.894	
133.067	
132.092	
132.147	
132.016	
131.477	
131.815	
132.224	
132.673	
131.721	
132.754	
133.985	
133.393	
133.481	
133.035	
132.582	
133.258	
133.518	
133.712	
133.327	
133.051	
132.281	
132.187	
132.655	
133.761	
134.504	
134.287	
134.148	
134.52	
134.26	
134.754	
134.781	
135.008	
135.463	
135.372	
135.068	
136.124	
135.958	
135.331	
134.505	
133.255	
134.024	
135.401	
135.706	
135.464	
135.818	
135.335	
136.022	
135.522	
135.461	
135.962	
134.847	
134.962	
134.943	
135.656	
136.878	
137.383	
136.658	
135.736	
133.9	
133.029	
133.344	
133.705	
133.09	
132.864	
132.586	
131.927	
132.327	
132.473	
132.157	
131.674	
131.365	
131.865	
131.416	
130.056	
130.286	
130.188	
131.084	
131.04	
131.829	
130.867	
131.445	
131.235	
131.966	
131.113	
131.146	
130.21	
130.777	
130.413	
130.737	
129.299	
129.333	
131.473	
130.871	
131.529	
130.976	
130.846	
130.881	
130.9148	
130.0557	
130.6877	
131.1913	
131.1558	
131.2652	
131.5404	
132.4247	
132.165	
132.2015	
132.5728	
132.5778	
132.4128	
132.8852	
132.6305	
132.392	
132.786	
133.1901	
133.1142	
132.3581	
132.2139	
132.2576	
132.0757	
131.7536	
131.4395	
130.0098	
129.3884	
130.1381	
130.4207	
130.8546	
130.922	
130.3809	
130.411	
130.7242	
130.4685	
130.8703	
130.53	
128.6583	
128.1425	
127.654	
128.1376	
127.1862	
