75.32
76.26
75.32
75.46
75.87
76.66
76.91
76.88
76.63
76.63
77.49
76.69
76.19
75.97
77.43
76.89
76.92
76.84
77.27
76.38
116.07
116.02
116.61
117.9
119.01
119.1
119.73
119.24
119.04
119.04
119.97
119.77
119.99
120.09
119.97
121.89
121.94
121.75
121.56
121.3
156.92
158.63
158.71
159.1
158.44
159.08
159.37
158.29
158.81
158.81
158.36
159
159.53
157.92
160.52
167.34
169.15
167.73
165.55
163.49
93.96
93.58
93
93.05
92.38
93.83
94.64
94.035
94.48
94.48
93.35
93.4
94.58
94.46
96.26
98.18
97.21
98.99
96.77
95.66
117.79
117.81
117.34
116.84
115.86
114.97
115.88
116.16
116.39
116.39
115.93
115.56
115.57
115.4
116.39
117.22
116.56
113.84
111.82
111.29
30.53
30.09
30.17
30.23
30.19
30.39
30.13
30.04
30.065
30.065
30.03
29.98
30.11
30.28
30.59
30.71
30.74
30.98
30.82
30.725
41.79
41.65
41.76
41.76
41.34
41.035
41.04
40.94
40.875
40.875
41.29
41.14
41.31
41.44
41.89
42.12
41.81
41.44
41.37
41.58
106.03
107.43
107.39
109.02
108.39
108.38
109.45
107.55
108.04
108.04
108.16
107.28
107.645
107.12
107.89
108.07
108.06
109.29
110.93
110.65
90.9
89.86
88.55
88.48
87.08
85.95
86.82
86.34
86.34
86.34
86.3
84.74
85.88
85
85.1
85.36
85.6
85.5
84.82
83.89
31.68
31.7
31.51
31.62
31.47
31.38
31.48
31.38
31.35
31.35
31.235
31.195
30.51
29.76
29.995
30.37
30.335
30.01
29.95
29.7
241.49
243.03
241.07
244.81
242.83
242.55
245.77
243.74
244.22
244.22
234.37
231.41
232.32
232.66
233.83
237.19
239.57
236.98
233.62
229.25
134.2
135.44
133.92
133.54
134.34
136.09
135.67
135.06
135
135
136.16
135.4
135.58
138.08
138.05
137.51
138.47
138.3
138.43
137.6
36.58
36.42
36.34
36.49
36.62
36.55
36.93
36.7
36.79
36.79
36.76
36.57
36.93
36.78
37.61
37.8
37.55
37.98
37.4
36.83
167.19
169.21
168.71
169.56
167.68
165.52
167.74
167.83
167.35
167.35
166.81
166.77
170.58
171.14
175.91
178.27
178.67
177.37
175.77
174.56
87.25
86.88
86.11
86.13
86.2
86.43
87.06
86.26
86.63
86.63
83.95
83.31
83.68
83.72
84.715
86.03
86.81
86.93
86.02
84.64
115.8
115.65
116.88
116.29
116.37
116.19
114.68
114.62
114.6
114.6
114.71
114.18
114.13
113.94
111.76
112.79
111.87
113.375
113.09
113.25
119.61
119.49
119.69
120.78
120.44
120.25
120.86
122.1
121.5
121.5
122.71
122.2
122.21
121.39
121.04
121.79
121.85
122.86
123.02
122.61
60.12
60.12
60.11
60.285
61.11
59.93
61.64
62.21
62.33
62.33
61.16
60.33
62.53
61.82
61.24
61.11
61.2
61.74
61.42
62
62.57
62.3
62.3
62.85
62.67
62.6
63.16
62.6
62.69
62.69
62.5
62.29
62.73
62.98
63.52
63.68
64.28
65.77
65.11
64.63
51.99
53.07
53.05
53.92
53.41
53.11
52.7
52.4
52.92
52.92
53.26
52.92
53.2
53.24
53.44
53.87
53.64
53.19
53.08
52.9
32.99
33.29
33.63
33.49
33.49
33.44
32.81
32.6
32.51
32.51
32.04
31.7
31.765
31.465
31.15
31.31
31.275
31.43
31.28
31.73
84.2
84.49
85.05
85.06
84.4
83.5
83.63
83.84
84.01
84.01
84.9
84.72
87.43
86.98
87.85
87.16
86.6
86.71
86.74
87.6
177.99
178.32
177.74
178.18
177.34
176.59
177.85
177.42
177.38
177.38
178.49
178.65
178.44
178.44
176.08
176.63
176.78
177.47
175.41
174.84
120.91
120.24
118.33
118.26
117.32
117.18
117.61
116.74
117.02
117.02
118.51
118.02
118.02
118.02
116.81
117.67
118.13
118.08
117.5
117.78
110.81
110.9
111.34
112.6
111.51
111.25
110.96
110.81
110.22
110.22
110.42
110.7
110.76
110.34
111.56
110.97
110.36
109.7
109.16
109.65
161.34
161.9
162.19
162.49
161.94
161.64
161.88
162.35
161.84
161.84
157.63
158.66
158.57
159.09
160.45
161.25
162.75
162.9
162.03
162.14
54.58
54.515
54.64
53.27
52.69
52.77
52.44
52.675
52.56
52.56
52.25
52.36
52.71
52.42
50.12
49.74
49.12
49.59
49.35
49.02
79.49
80.14
81.1
82.23
81.77
81.32
81.79
81.38
81.17
81.17
81.59
81.74
81.8
82.16
83.25
83.89
83.25
83.75
83.69
82.72
68.65
69.06
69.215
68.265
68.69
68.24
68.52
67.97
67.1
67.1
68.105
67.61
67.16
66.67
67.41
66.9
66.72
65.64
66.41
66.75
